21	0
18	1
20	2
18	3
21	4
22	5
18	6
18	7
18	8
21	9
18	10
20	11
18	12
19	13
19	14
18	15
19	16
20	17
20	18
20	19
20	20
19	21
20	22
20	23
21	24
18	25
17	26
17	27
18	28
19	29
19	30
19	31
19	32
20	33
18	34
21	35
20	36
18	37
21	38
19	39
18	40
21	41
17	42
20	43
19	44
18	45
19	46
20	47
18	48
16	49
20	50
18	51
21	52
20	53
18	54
18	55
19	56
19	57
22	58
18	59
20	60
21	61
21	62
20	63
25	64
22	65
19	66
20	67
19	68
19	69
18	70
20	71
18	72
19	73
19	74
18	75
20	76
20	77
22	78
20	79
19	80
19	81
21	82
21	83
21	84
16	85
19	86
21	87
18	88
19	89
17	90
19	91
17	92
17	93
19	94
21	95
20	96
17	97
20	98
19	99
19	100
19	101
19	102
21	103
18	104
18	105
20	106
20	107
17	108
18	109
18	110
20	111
22	112
18	113
20	114
20	115
22	116
18	117
17	118
21	119
20	120
20	121
18	122
20	123
21	124
19	125
63	126
15	127
20	128
20	129
20	130
38	131
32	132
42	133
35	134
20	135
18	136
21	137
20	138
17	139
19	140
19	141
20	142
19	143
17	144
21	145
20	146
20	147
22	148
19	149
21	150
18	151
19	152
20	153
19	154
18	155
21	156
18	157
18	158
19	159
19	160
22	161
18	162
21	163
19	164
19	165
27	166
17	167
19	168
20	169
16	170
18	171
20	172
17	173
17	174
19	175
19	176
22	177
21	178
17	179
19	180
19	181
19	182
23	183
20	184
21	185
18	186
20	187
19	188
19	189
20	190
20	191
19	192
20	193
19	194
20	195
19	196
20	197
21	198
19	199
19	200
20	201
19	202
20	203
21	204
19	205
19	206
18	207
20	208
20	209
22	210
18	211
20	212
14	213
18	214
18	215
18	216
17	217
20	218
20	219
20	220
21	221
20	222
19	223
20	224
19	225
18	226
20	227
19	228
22	229
20	230
20	231
21	232
20	233
20	234
18	235
18	236
20	237
21	238
19	239
19	240
20	241
20	242
21	243
19	244
18	245
21	246
19	247
18	248
19	249
21	250
19	251
19	252
20	253
18	254
16	255
22	256
1126	257
35	258
29	259
27	260
29	261
27	262
28	263
27	264
165	265
81	266
19	267
19	268
18	269
23	270
26	271
26	272
388	273
21	274
19	275
18	276
27	277
116	278
22	279
20	280
20	281
19	282
19	283
22	284
20	285
50	286
245	287
26	288
26	289
26	290
26	291
27	292
26	293
27	294
27	295
27	296
26	297
23	298
27	299
26	300
26	301
27	302
30	303
26	304
26	305
28	306
27	307
26	308
30	309
38	310
34	311
42	312
37	313
28	314
30	315
35	316
38	317
32	318
30	319
33	320
31	321
30	322
27	323
31	324
31	325
32	326
28	327
28	328
26	329
29	330
31	331
27	332
30	333
30	334
31	335
31	336
31	337
26	338
28	339
26	340
23	341
29	342
28	343
21	344
22	345
18	346
20	347
22	348
21	349
18	350
18	351
18	352
21	353
20	354
19	355
20	356
19	357
20	358
20	359
20	360
20	361
19	362
20	363
19	364
20	365
21	366
20	367
18	368
20	369
21	370
21	371
20	372
21	373
20	374
21	375
21	376
18	377
20	378
20	379
21	380
20	381
19	382
17	383
22	384
20	385
20	386
20	387
18	388
20	389
19	390
21	391
19	392
20	393
19	394
18	395
17	396
32	397
28	398
22	399
20	400
19	401
19	402
19	403
20	404
19	405
18	406
21	407
19	408
22	409
21	410
22	411
21	412
22	413
19	414
19	415
20	416
19	417
19	418
21	419
19	420
21	421
20	422
19	423
19	424
20	425
18	426
19	427
19	428
19	429
18	430
19	431
19	432
19	433
19	434
19	435
19	436
21	437
22	438
20	439
21	440
21	441
18	442
20	443
18	444
19	445
17	446
20	447
19	448
19	449
20	450
20	451
22	452
20	453
17	454
21	455
18	456
20	457
20	458
21	459
20	460
20	461
18	462
20	463
20	464
19	465
21	466
19	467
19	468
15	469
19	470
18	471
19	472
20	473
21	474
20	475
20	476
20	477
19	478
20	479
21	480
21	481
18	482
21	483
23	484
21	485
19	486
20	487
19	488
19	489
20	490
20	491
21	492
23	493
19	494
20	495
19	496
19	497
22	498
17	499
20	500
17	501
19	502
20	503
20	504
19	505
19	506
21	507
20	508
18	509
21	510
17	511
21	512
21	513
18	514
19	515
18	516
21	517
17	518
19	519
18	520
18	521
20	522
21	523
21	524
18	525
20	526
21	527
19	528
18	529
20	530
18	531
19	532
20	533
21	534
19	535
20	536
20	537
20	538
19	539
18	540
21	541
18	542
20	543
19	544
19	545
17	546
21	547
20	548
19	549
20	550
18	551
19	552
19	553
19	554
18	555
20	556
19	557
18	558
19	559
17	560
18	561
19	562
18	563
20	564
19	565
22	566
19	567
20	568
19	569
19	570
20	571
21	572
19	573
19	574
18	575
18	576
21	577
20	578
19	579
18	580
20	581
18	582
19	583
20	584
21	585
17	586
19	587
20	588
22	589
20	590
21	591
21	592
18	593
18	594
21	595
23	596
16	597
20	598
19	599
18	600
18	601
20	602
21	603
20	604
21	605
19	606
19	607
20	608
20	609
20	610
19	611
20	612
18	613
20	614
19	615
22	616
19	617
19	618
18	619
19	620
18	621
20	622
21	623
19	624
19	625
19	626
19	627
20	628
20	629
20	630
20	631
21	632
18	633
19	634
20	635
17	636
33889	637
19	638
20	639
19	640
20	641
19	642
20	643
20	644
21	645
20	646
17	647
21	648
20	649
19	650
19	651
19	652
20	653
20	654
17	655
20	656
18	657
19	658
20	659
20	660
19	661
16	662
20	663
18	664
116	665
29	666
292	667
31	668
32	669
31	670
23	671
20	672
20	673
18	674
18	675
20	676
19	677
20	678
22	679
18	680
20	681
20	682
20	683
20	684
20	685
18	686
20	687
20	688
18	689
21	690
19	691
19	692
19	693
19	694
21	695
22	696
22	697
19	698
20	699
19	700
18	701
19	702
18	703
21	704
24	705
19	706
20	707
19	708
18	709
20	710
19	711
19	712
20	713
17	714
19	715
19	716
18	717
20	718
18	719
19	720
18	721
21	722
20	723
19	724
19	725
18	726
21	727
19	728
20	729
20	730
21	731
19	732
20	733
17	734
17	735
19	736
21	737
18	738
20	739
19	740
21	741
19	742
18	743
20	744
19	745
18	746
19	747
16	748
22	749
21	750
19	751
18	752
19	753
19	754
22	755
20	756
18	757
20	758
18	759
19	760
19	761
17	762
18	763
20	764
19	765
19	766
19	767
19	768
17	769
19	770
18	771
20	772
18	773
21	774
20	775
19	776
21	777
20	778
19	779
20	780
18	781
19	782
19	783
20	784
22	785
19	786
21	787
18	788
17	789
17	790
18	791
19	792
20	793
19	794
22	795
18	796
19	797
20	798
20	799
19	800
22	801
20	802
19	803
18	804
19	805
19	806
20	807
21	808
19	809
21	810
21	811
19	812
18	813
19	814
19	815
20	816
20	817
20	818
19	819
18	820
19	821
18	822
19	823
21	824
22	825
21	826
19	827
20	828
20	829
19	830
18	831
18	832
15	833
20	834
20	835
19	836
21	837
19	838
20	839
19	840
20	841
18	842
18	843
18	844
19	845
19	846
21	847
19	848
19	849
20	850
18	851
18	852
18	853
19	854
20	855
21	856
19	857
19	858
19	859
20	860
18	861
19	862
20	863
20	864
18	865
19	866
20	867
20	868
19	869
19	870
20	871
24	872
19	873
22	874
20	875
17	876
18	877
22	878
21	879
20	880
19	881
19	882
19	883
18	884
20	885
18	886
20	887
19	888
21	889
18	890
18	891
21	892
20	893
19	894
21	895
19	896
20	897
19	898
22	899
20	900
20	901
20	902
21	903
20	904
19	905
19	906
21	907
19	908
19	909
22	910
19	911
18	912
19	913
22	914
23	915
17	916
21	917
16	918
19	919
19	920
20	921
20	922
18	923
21	924
20	925
20	926
19	927
19	928
19	929
20	930
19	931
18	932
17	933
19	934
19	935
20	936
20	937
20	938
20	939
23	940
20	941
19	942
18	943
20	944
20	945
19	946
21	947
18	948
20	949
18	950
20	951
21	952
19	953
21	954
18	955
20	956
19	957
20	958
19	959
21	960
16	961
20	962
18	963
19	964
20	965
20	966
19	967
19	968
18	969
20	970
19	971
18	972
19	973
22	974
19	975
20	976
18	977
21	978
19	979
19	980
18	981
19	982
17	983
18	984
20	985
20	986
20	987
19	988
21	989
21	990
19	991
20	992
19	993
20	994
19	995
19	996
19	997
19	998
18	999
17	1000
